-745
22 1 96
7 4 95
27 21 94
12 11 92
1 28 91
16 3 90
22 3 90
19 27 90
3 23 89
10 20 87
19 23 87
1 13 86
9 5 85
5 28 84
6 2 84
7 15 84
1 5 83
24 28 83
14 15 83
8 11 82
3 20 81
2 13 81
5 26 80
19 4 79
19 2 79
14 21 79
4 21 78
12 5 78
19 0 78
12 15 78
4 15 78
20 28 77
1 17 76
14 20 76
1 26 75
29 5 75
1 27 74
24 20 74
4 5 72
1 3 72
9 3 72
14 8 71
22 14 71
15 5 70
1 18 70
23 26 70
10 25 69
22 17 69
3 27 69
19 21 68
19 25 68
4 17 68
2 8 68
11 20 67
23 21 67
13 18 67
2 15 66
16 9 65
12 4 65
22 10 64
28 26 64
24 27 64
28 13 63
5 13 62
19 28 61
10 28 60
3 15 60
27 0 60
28 21 59
22 26 59
2 10 58
9 14 57
8 18 57
1 23 56
19 8 56
6 7 56
12 14 55
8 26 55
14 26 55
1 25 54
19 7 54
14 5 54
16 10 53
1 2 52
12 0 52
22 11 52
11 26 52
22 9 52
4 26 51
17 26 51
11 10 51
19 5 51
7 26 51
29 0 50
17 8 49
24 1 49
29 16 49
10 18 49
19 18 48
22 15 48
16 26 48
29 23 47
27 10 47
7 11 47
12 7 47
29 17 46
6 0 46
22 5 46
16 14 46
3 10 45
4 20 44
4 8 44
17 13 44
6 12 44
17 20 43
5 18 43
29 4 43
29 1 42
7 20 42
24 0 42
15 13 41
16 1 40
17 5 39
9 8 39
1 0 38
8 13 37
19 15 37
25 13 37
23 10 37
2 5 36
29 20 36
24 11 36
3 25 36
12 27 35
22 0 35
8 15 35
2 18 34
6 13 34
6 4 34
6 8 34
7 14 33
20 13 33
22 27 32
10 21 32
6 21 31
24 10 30
9 21 30
11 21 30
17 28 30
5 10 30
12 26 30
6 9 29
5 20 29
23 18 29
3 8 28
10 13 28
3 18 28
9 11 28
29 25 28
9 17 27
8 25 27
4 14 26
19 13 26
6 27 26
17 18 26
9 15 25
24 15 25
4 3 25
20 21 25
7 21 24
22 20 23
23 13 23
24 13 23
28 18 23
24 9 23
9 27 23
7 2 23
29 18 22
26 21 21
22 13 21
6 1 21
3 14 20
8 20 19
29 15 18
4 11 18
22 18 18
6 11 17
6 25 17
27 13 15
24 5 14
2 20 13
15 23 12
15 26 12
6 23 11
3 13 11
17 21 11
24 16 10
22 2 10
4 25 10
16 13 9
15 18 9
7 5 9
6 22 8
22 4 8
3 2 8
0 25 7
11 13 6
16 27 6
7 18 5
28 25 5
19 1 5
11 0 4
1 15 3
15 10 3
12 23 2
22 21 1
24 29 1
25 18 0
24 14 -1
6 17 -2
19 20 -2
7 10 -3
29 7 -4
17 23 -5
14 13 -6
15 21 -6
22 12 -6
12 8 -6
3 21 -6
4 9 -7
16 25 -7
12 13 -7
3 5 -7
8 27 -7
13 26 -7
2 25 -9
23 25 -9
29 26 -9
4 23 -10
19 9 -10
10 0 -11
12 17 -11
11 25 -11
6 5 -12
24 21 -13
23 28 -13
4 18 -13
7 3 -13
9 25 -14
2 11 -14
7 25 -14
27 28 -15
19 17 -15
12 9 -15
29 12 -16
5 21 -17
17 2 -17
1 11 -19
0 21 -20
1 20 -20
4 27 -20
6 19 -21
0 13 -21
22 28 -21
5 23 -22
10 26 -22
1 9 -22
1 14 -22
7 8 -23
16 20 -23
25 21 -24
8 10 -24
9 0 -24
24 26 -25
4 28 -25
14 25 -26
16 4 -26
29 28 -27
17 0 -27
7 13 -28
2 28 -29
23 0 -29
0 26 -29
6 18 -30
29 14 -30
5 27 -30
11 18 -30
14 28 -31
3 0 -32
24 23 -32
16 18 -32
12 25 -32
14 10 -32
27 25 -33
9 26 -33
3 11 -33
22 8 -33
14 18 -34
29 2 -34
19 10 -34
24 2 -34
27 18 -35
15 20 -35
12 10 -35
7 23 -36
20 26 -37
24 25 -37
12 18 -37
1 21 -38
13 21 -38
9 18 -40
24 6 -40
12 20 -42
22 16 -42
4 0 -42
15 27 -42
15 11 -43
24 18 -44
24 19 -44
6 3 -44
22 7 -44
29 27 -45
22 29 -45
8 5 -45
16 8 -45
6 10 -46
2 27 -46
8 28 -47
16 0 -47
7 9 -47
14 2 -47
8 23 -48
15 0 -48
7 0 -48
5 0 -48
7 28 -49
21 18 -49
1 10 -49
6 26 -49
16 28 -50
11 23 -52
24 22 -53
2 21 -54
14 0 -54
12 28 -55
27 23 -55
9 13 -55
29 8 -55
9 2 -55
20 18 -56
11 27 -56
26 18 -56
16 21 -56
24 12 -58
3 28 -59
7 17 -59
22 23 -60
24 7 -60
17 25 -62
15 28 -62
11 28 -63
5 25 -64
29 19 -64
12 19 -64
16 2 -65
12 21 -65
16 23 -66
6 16 -66
19 3 -67
17 14 -67
29 10 -67
6 14 -68
9 20 -68
29 13 -68
24 4 -70
24 17 -71
6 20 -71
28 0 -73
27 20 -73
25 26 -73
12 2 -75
9 10 -75
8 0 -75
19 14 -76
12 3 -77
6 28 -77
17 11 -78
22 25 -78
20 0 -80
3 26 -80
16 15 -81
1 8 -81
8 21 -82
29 3 -84
16 19 -84
20 25 -86
6 15 -87
2 23 -88
9 23 -88
15 25 -88
19 26 -89
12 16 -90
14 11 -90
17 27 -90
19 11 -91
0 18 -91
16 5 -91
4 10 -91
12 1 -91
2 26 -91
24 8 -91
29 11 -92
6 29 -92
27 26 -92
16 17 -92
16 7 -93
9 28 -93
17 3 -93
23 20 -94
16 11 -95
1 7 -95
1 4 -95
29 21 -96
24 3 -97
22 19 -97
4 2 -98
17 10 -98
4 13 -98
29 9 -99
5 11 -99
14 27 -100
2 0 -100
7 27 -100
17 15 -100
14 23 -100
