-3330
38 27 -72
38 23 33
42 38 50
42 2 -54
42 0 57
13 27 -7
13 2 22
48 49 -48
48 2 59
48 23 7
48 27 -41
9 23 -33
20 48 -16
16 42 -26
16 23 -32
16 38 -11
28 48 -47
7 42 -39
7 16 -42
4 27 64
4 10 -17
4 28 -67
4 13 -65
30 10 -84
30 7 -19
30 2 21
30 13 -41
30 49 -81
30 4 24
11 2 -99
11 27 51
22 49 -18
22 7 -89
22 10 -21
22 2 6
22 9 -23
39 10 -100
39 23 -61
39 11 55
39 42 -45
18 7 -45
18 16 61
18 10 -6
17 16 -74
17 0 -45
17 22 78
3 27 46
3 7 46
3 38 36
3 48 64
3 2 13
3 39 68
3 0 -3
3 9 -76
3 13 -77
3 16 75
6 7 -77
6 20 81
6 49 -88
6 48 -42
6 23 -3
6 42 32
6 39 43
6 9 76
21 13 27
21 30 -68
21 10 -65
21 18 -68
21 9 -68
21 39 -92
21 48 -68
47 16 -94
47 7 -32
47 21 38
47 48 -18
47 23 11
43 0 17
43 9 -61
43 17 2
1 0 0
15 39 18
15 7 40
31 38 -34
31 6 -78
31 39 -10
31 10 67
31 22 -45
31 7 -51
12 17 40
12 3 -95
12 23 44
12 6 -34
12 13 62
12 38 47
12 48 34
33 3 -98
33 30 -67
33 7 40
33 47 41
33 17 -95
24 21 55
24 10 -14
24 28 -23
24 9 -19
24 7 3
24 42 -76
24 22 24
26 22 1
26 6 52
26 1 -25
26 23 47
26 17 53
26 10 43
26 7 62
26 24 41
26 31 9
25 3 54
25 21 -3
25 12 -36
25 7 61
25 15 53
25 0 -24
25 23 36
25 47 47
35 9 -63
35 10 -15
35 22 1
35 1 47
35 49 -43
35 6 -18
35 3 48
35 28 -76
35 12 41
32 49 26
32 21 75
32 3 3
32 30 -90
32 23 -84
32 11 -89
32 22 -53
32 18 -46
32 42 -69
32 4 44
32 33 -93
32 35 33
29 9 -75
29 4 74
29 10 -100
29 27 -55
29 23 22
29 31 19
29 2 58
29 47 -73
29 15 -67
29 17 -16
29 42 40
40 0 -68
40 7 19
40 9 50
40 43 -12
40 39 -83
40 16 55
40 48 30
40 13 -77
40 23 -92
40 15 -18
19 24 23
19 7 -62
19 49 12
19 48 23
19 4 57
19 17 55
19 25 12
19 22 59
19 27 63
36 9 -81
36 2 -63
36 20 -1
36 6 51
36 15 63
36 43 -65
36 21 -58
36 19 -51
36 18 58
36 30 -51
37 47 -50
37 30 19
37 49 -83
37 18 61
37 48 -79
37 17 33
14 22 5
14 0 24
14 9 -78
14 6 -6
14 7 59
14 10 -58
14 23 53
14 33 -91
44 7 47
44 10 -47
44 29 49
44 6 13
44 37 -57
44 47 -24
46 48 30
46 40 50
46 24 20
46 12 -81
46 36 -51
46 31 -97
41 18 5
41 9 -24
41 16 41
41 35 -74
41 10 -70
41 31 -77
45 10 11
45 1 -61
45 48 21
45 15 -66
45 2 -81
45 13 -17
34 12 -84
34 20 -56
34 25 -19
34 35 -50
34 32 -59
34 4 16
34 27 -52
34 14 -59
8 6 -25
8 44 -12
8 26 -5
8 27 -67
8 33 -6
8 34 27
8 45 -100
8 49 44
8 15 21
8 19 -50
8 1 0
8 17 -15
8 2 -59
5 12 0
5 36 -90
5 29 -76
5 42 -81
5 28 -70
5 8 38
5 45 -6
