-27837
490 479 66
50 374 65
232 22 60
203 426 59
315 169 59
299 207 59
271 349 56
229 317 56
108 379 56
463 401 56
440 485 55
197 385 55
417 149 54
266 21 54
214 349 54
148 56 53
311 214 53
100 188 53
214 374 52
300 136 51
397 392 50
35 254 49
144 249 49
494 10 48
267 260 48
94 239 47
174 462 47
91 235 47
91 498 47
391 398 46
94 90 45
177 235 45
108 71 45
344 256 45
403 46 45
89 191 44
178 90 44
286 430 44
398 374 44
216 301 44
148 208 43
185 317 43
43 61 42
476 443 42
220 113 42
170 86 41
305 485 41
192 28 41
91 418 41
203 346 40
408 85 40
242 249 40
220 306 39
326 408 39
51 484 38
157 16 38
275 303 38
43 218 38
483 56 37
270 234 37
276 195 36
431 261 36
1 38 36
102 317 35
164 320 35
260 32 34
171 319 34
314 220 34
498 126 33
213 396 33
150 360 33
476 479 33
167 396 32
339 479 32
37 319 32
282 284 31
277 448 31
301 359 31
72 460 31
155 412 31
69 188 30
98 319 30
477 207 30
295 185 29
7 487 29
11 460 29
305 378 29
143 154 29
222 232 29
221 345 28
119 196 28
298 232 28
451 471 28
379 191 27
147 401 27
74 165 27
185 56 27
309 189 26
351 280 26
494 408 26
185 460 26
487 25 26
43 484 26
329 354 25
299 361 25
208 264 25
263 385 25
151 370 25
245 359 24
209 220 24
390 448 24
295 375 24
116 325 24
35 272 24
329 316 24
178 70 23
340 348 23
389 60 23
51 456 22
26 173 22
491 10 22
157 117 22
287 58 22
100 402 22
226 395 22
282 327 22
145 76 21
139 264 21
226 274 21
291 319 20
34 329 20
311 417 20
480 261 20
353 385 19
193 355 19
302 165 19
241 149 19
53 41 18
159 359 18
54 155 18
114 281 18
356 420 18
193 8 17
39 85 17
354 244 17
273 162 17
164 124 17
148 420 17
219 2 17
349 88 17
42 138 16
495 244 15
210 287 15
295 9 14
282 348 14
441 197 14
372 52 14
493 347 13
343 191 13
34 367 13
159 15 13
379 462 13
433 57 12
129 44 12
192 426 12
394 335 11
205 241 11
94 237 11
192 304 11
314 263 11
6 437 10
472 303 10
139 376 10
74 25 10
160 471 10
438 460 9
421 498 9
478 304 9
21 10 9
463 291 9
129 81 9
151 465 8
295 57 8
170 297 8
34 243 8
11 30 8
410 209 8
285 427 7
353 67 7
193 252 7
267 56 7
311 26 7
204 405 7
371 446 7
135 371 6
163 60 6
279 200 5
129 415 5
341 370 4
253 15 4
115 369 4
328 414 4
407 360 4
95 236 4
299 340 3
129 177 3
89 106 3
403 306 3
43 46 3
144 443 3
103 263 2
141 38 1
209 377 1
429 490 1
95 71 1
205 284 1
208 40 1
146 272 0
199 289 0
120 196 0
394 377 0
197 299 0
242 435 0
115 48 0
498 96 -1
176 131 -1
489 11 -1
364 341 -1
184 194 -1
54 493 -1
143 379 -1
315 284 -1
230 404 -1
419 319 -2
72 97 -2
72 316 -2
132 8 -3
291 84 -3
242 180 -3
101 25 -3
420 489 -3
267 411 -3
185 180 -4
331 447 -4
423 10 -4
326 483 -4
314 27 -5
476 427 -5
237 490 -5
193 297 -5
89 84 -5
193 223 -5
403 40 -6
461 299 -6
146 227 -7
493 48 -7
199 168 -7
205 435 -7
242 90 -8
384 97 -8
328 82 -8
137 274 -8
178 114 -8
157 402 -9
290 345 -9
429 368 -9
444 58 -9
197 5 -9
463 287 -9
68 315 -10
444 231 -10
308 340 -10
497 216 -10
423 361 -11
440 304 -11
285 257 -11
159 107 -11
62 401 -11
357 102 -11
208 304 -12
19 41 -12
34 191 -13
89 349 -13
256 46 -13
344 395 -13
232 487 -13
498 231 -14
364 60 -14
92 18 -14
135 96 -14
54 26 -14
50 218 -14
125 418 -14
311 400 -15
187 429 -15
260 381 -15
241 138 -15
398 57 -15
444 249 -15
419 214 -15
152 429 -15
19 168 -16
110 45 -16
43 118 -16
499 169 -16
225 303 -16
481 31 -16
68 153 -16
103 189 -16
288 190 -16
255 459 -17
69 369 -17
232 249 -17
145 154 -17
3 388 -18
96 426 -18
482 173 -18
470 154 -18
468 372 -18
440 281 -18
109 255 -19
179 58 -19
212 417 -19
292 244 -19
498 499 -19
7 260 -19
87 289 -19
260 97 -19
19 352 -20
397 278 -20
115 257 -20
45 301 -20
184 48 -20
342 73 -21
103 150 -21
460 469 -21
16 177 -21
310 470 -21
366 218 -21
486 131 -21
413 411 -22
249 426 -22
206 295 -22
415 200 -22
429 376 -22
341 41 -23
112 370 -23
410 292 -23
458 374 -23
306 24 -24
205 310 -24
6 131 -25
237 196 -25
246 59 -25
3 488 -25
215 27 -25
365 470 -25
398 13 -25
266 445 -26
342 12 -26
95 486 -26
478 161 -26
451 246 -26
478 393 -26
98 63 -26
444 113 -26
108 485 -27
144 90 -27
29 308 -27
284 479 -27
290 312 -27
223 290 -27
252 319 -27
269 418 -27
163 236 -28
69 59 -28
495 92 -28
193 85 -28
496 354 -28
246 376 -28
298 316 -28
306 433 -28
74 339 -28
398 433 -28
413 24 -28
397 335 -28
72 424 -28
436 400 -28
240 341 -29
230 400 -29
495 465 -29
162 319 -30
301 368 -30
470 443 -30
366 432 -30
114 375 -30
375 173 -30
432 401 -30
171 352 -30
337 398 -31
3 428 -31
429 304 -31
442 99 -31
39 191 -31
242 254 -31
98 100 -32
186 60 -32
295 238 -32
141 351 -32
398 400 -32
225 484 -32
137 224 -33
26 113 -33
384 347 -33
356 70 -33
442 447 -33
156 388 -33
270 385 -33
128 191 -34
233 153 -34
294 157 -34
110 348 -34
111 154 -34
139 469 -34
407 381 -34
69 48 -34
80 195 -35
6 292 -35
74 445 -35
328 329 -35
76 20 -35
431 36 -36
43 313 -36
223 83 -36
394 11 -36
201 479 -36
43 425 -36
315 437 -36
492 496 -37
29 429 -37
290 424 -37
251 136 -37
360 457 -37
397 381 -37
372 336 -37
453 58 -37
385 250 -38
328 435 -38
68 368 -38
119 58 -39
134 158 -39
134 424 -39
441 116 -39
252 22 -39
442 152 -40
79 104 -40
47 105 -40
483 12 -40
241 284 -40
236 333 -40
89 485 -40
45 235 -40
385 249 -40
477 200 -41
387 99 -41
278 470 -41
474 44 -41
344 367 -41
204 114 -41
160 159 -41
205 44 -42
267 125 -42
434 332 -42
291 313 -42
293 370 -42
450 354 -42
436 362 -42
74 295 -43
221 350 -43
106 379 -43
451 152 -43
139 415 -43
8 345 -43
74 81 -43
291 126 -44
410 17 -44
410 194 -44
3 41 -44
269 32 -45
219 116 -45
284 361 -45
79 358 -45
252 279 -45
227 354 -45
168 454 -45
219 316 -45
251 78 -45
103 81 -45
55 428 -45
206 146 -45
7 289 -46
241 392 -46
489 158 -46
260 231 -46
239 207 -47
463 113 -47
466 327 -47
436 418 -48
433 430 -48
413 121 -48
338 44 -48
340 488 -48
334 278 -48
255 245 -48
76 77 -48
324 255 -49
404 128 -49
89 491 -49
157 10 -49
357 276 -49
291 220 -49
239 21 -50
337 372 -50
432 195 -50
494 269 -50
410 394 -50
210 252 -50
310 264 -50
295 293 -50
314 246 -51
185 399 -51
306 20 -51
341 224 -51
55 332 -52
355 264 -52
398 55 -52
130 71 -52
234 459 -52
148 180 -52
497 86 -53
242 297 -53
307 200 -53
248 400 -53
390 200 -53
157 280 -53
339 383 -53
275 26 -53
1 278 -53
222 279 -53
216 395 -53
188 450 -53
1 400 -53
454 166 -53
446 90 -53
314 79 -54
120 71 -54
463 365 -54
62 428 -54
453 279 -54
109 256 -54
377 5 -54
49 82 -54
416 236 -55
178 292 -55
74 449 -55
468 235 -55
64 42 -55
294 107 -55
410 140 -56
30 24 -56
494 106 -56
80 114 -56
74 28 -56
480 345 -57
351 318 -58
425 5 -59
267 128 -59
118 464 -59
193 373 -59
208 411 -59
423 454 -59
328 378 -60
100 332 -60
442 325 -60
393 287 -60
461 26 -60
78 173 -60
102 484 -60
432 21 -60
219 403 -61
184 2 -61
290 333 -61
283 324 -61
295 70 -62
326 341 -62
315 65 -62
49 30 -62
199 61 -62
80 291 -62
352 27 -62
294 71 -62
150 147 -63
461 53 -63
263 397 -63
330 435 -63
357 73 -63
167 39 -63
424 13 -63
478 405 -63
16 246 -64
201 174 -64
463 428 -64
79 24 -65
349 190 -65
292 414 -65
228 42 -65
247 249 -65
221 355 -66
331 256 -66
285 291 -66
473 26 -66
222 383 -66
324 465 -66
408 411 -66
203 408 -67
45 316 -67
131 426 -67
0 448 -67
431 164 -67
423 426 -67
495 138 -67
35 109 -67
148 9 -67
282 231 -68
179 17 -68
262 443 -68
465 402 -68
477 486 -68
420 460 -68
452 407 -68
487 107 -68
199 328 -68
428 85 -69
29 53 -69
448 368 -69
227 318 -69
245 460 -69
37 317 -69
394 312 -69
193 240 -69
331 249 -69
454 333 -70
124 196 -70
467 264 -70
263 376 -70
383 58 -70
325 36 -70
98 195 -70
45 471 -71
152 361 -71
251 347 -71
433 319 -71
405 383 -71
198 460 -71
222 462 -72
341 466 -72
8 246 -72
330 16 -72
106 166 -72
481 458 -72
342 459 -72
492 333 -72
54 96 -73
226 388 -73
33 29 -73
389 196 -73
55 368 -74
260 373 -74
130 250 -74
419 4 -74
452 311 -74
491 362 -74
311 275 -74
471 348 -75
205 46 -75
471 350 -75
344 476 -75
391 178 -75
124 318 -75
233 435 -75
98 325 -75
140 83 -76
455 82 -76
294 397 -76
262 292 -76
439 304 -76
437 131 -76
428 44 -76
27 40 -76
38 235 -77
79 498 -77
7 336 -77
432 65 -77
423 400 -77
124 107 -78
183 31 -78
48 15 -78
62 473 -78
497 81 -79
493 395 -79
454 250 -79
182 50 -79
121 303 -79
196 154 -79
98 78 -80
84 443 -80
163 395 -80
452 168 -81
165 18 -81
209 408 -81
306 430 -81
282 375 -81
284 5 -81
294 490 -82
466 250 -82
474 25 -82
455 342 -82
183 210 -82
282 194 -82
252 243 -82
254 462 -83
219 489 -83
407 448 -83
216 212 -83
311 144 -84
406 325 -84
220 370 -84
269 77 -84
390 395 -84
438 454 -85
299 131 -85
343 159 -85
132 45 -85
366 358 -85
326 30 -85
467 214 -86
118 262 -86
385 264 -86
417 264 -86
101 388 -86
489 360 -86
259 56 -87
120 499 -87
472 229 -87
410 174 -87
219 435 -87
357 399 -87
109 207 -87
347 293 -87
188 358 -88
19 492 -88
440 102 -88
48 449 -88
6 256 -88
236 411 -88
85 191 -88
435 448 -88
27 375 -89
50 336 -89
206 173 -89
442 301 -89
79 138 -89
326 473 -89
238 484 -89
242 31 -89
243 177 -89
208 322 -90
178 264 -90
43 9 -90
156 41 -90
226 113 -90
433 85 -90
43 491 -90
221 150 -90
442 190 -90
213 355 -90
363 82 -90
229 385 -91
371 499 -91
316 479 -91
233 143 -91
371 31 -92
192 14 -92
429 358 -93
203 99 -93
330 226 -93
461 370 -93
208 256 -93
438 408 -93
461 23 -93
209 3 -93
94 209 -93
118 255 -93
318 449 -93
267 235 -93
389 220 -94
93 253 -94
417 10 -94
299 373 -94
94 289 -94
263 198 -94
50 256 -95
458 77 -95
487 169 -95
213 59 -95
311 370 -95
201 156 -95
410 261 -95
301 24 -95
47 340 -95
135 270 -96
111 398 -96
39 101 -96
12 346 -96
175 430 -96
447 284 -96
35 64 -96
467 22 -96
462 18 -96
307 191 -97
236 454 -97
132 474 -97
126 443 -98
81 264 -98
176 254 -98
476 113 -98
301 469 -98
11 373 -98
228 254 -98
167 219 -98
324 146 -98
355 375 -98
98 7 -99
455 281 -99
219 12 -99
323 318 -99
483 411 -99
64 207 -99
247 128 -99
125 154 -99
272 420 -99
151 262 -99
298 349 -99
427 105 -99
140 401 -99
357 237 -100
330 365 -100
151 414 -100
493 39 -100
424 245 -100
